0010701

0000100

0010801

0000101

0000370

0000480

000FF10

000000B

0011201

0000102

0015000

0009140

000002F

0009134

000002F

0000EE1

00FFFF4

0011FE1

0000008

0011AE1

0000004

0011BE1

0000000

0000331

00FFFFF

0000441

00FFFFF

000FF10

000000B

0000A20

0000331

0000001

0000441

0000001

0000331

00FFFFF

000FF10

000000B

000022A

0010FE0

0010AE1

0000004

0010BE1

0000000

0000EE1

000000C

0009F00

0000201

0000001

0009F00

0009F00

0000000

0000000

0000000

0000000

0000000

0000000

0000000

0000000

0000000

0000000

0000000

0000000

0000000

0000000

0000000

0000000

0000000

0000000

0000000

0000000

0000000

0000000

0000000

0000000

0000000

0000000

0000000

0000000

0000000

0000000

0000000

0000000

0000000

0000000

0000000

0000000

0000000

0000000

0000000

0000000

0000000

0000000

0000000

0000000

0000000

0000000

0000000

0000000

0000000

0000000

0000000

0000000

0000000

0000000

0000000

0000000

0000000

0000000

0000000

0000000

0000000

0000000

0000000

0000000

0000000

0000000

0000000

0000000

0000000

0000000

0000000

0000000

0000000

0000000

0000000

0000000

0000000

0000000

0000000

0000000

0000000

0000000

0000000

0000000

0000000

0000000

0000000

0000000

0000000

0000000

0000000

0000000

0000000

0000000

0000000

0000000

0000000

0000000

0000000

0000000

0000000

0000000

0000000

0000000

0000000

0000000

0000000

0000000

0000000

0000000

0000000

0000000

0000000

0000000

0000000

0000000

0000000

0000000

0000000

0000000

0000000

0000000

0000000

0000000

0000000

0000000

0000000

0000000

0000000

0000000

0000000

0000000

0000000

0000000

0000000

0000000

0000000

0000000

0000000

0000000

0000000

0000000

0000000

0000000

0000000

0000000

0000000

0000000

0000000

0000000

0000000

0000000

0000000

0000000

0000000

0000000

0000000

0000000

0000000

0000000

0000000

0000000

0000000

0000000

0000000

0000000

0000000

0000000

0000000

0000000

0000000

0000000

0000000

0000000

0000000

0000000

0000000

0000000

0000000

0000000

0000000

0000000

0000000

0000000

0000000

0000000

0000000

0000000

0000000

0000000

0000000

0000000

0000000

0000000

0000000

0000000

0000000

0000000

0000000

0000000

0000000

0000000

0000000

0000000

0000000

0000004

0000002

0000000

