00000000 000 10301100 00000000 00000100 00000000 00000000 00000000 00000000 00000000 00000000 00000000 00000000 00000000 00000000 00000000 00000000 00000000 00000000
00000002 002 0FF10100 00000000 00000007 00000000 00000006 00000000 00000000 00000000 00000000 00000000 00000000 00000000 00000000 00000000 00000000 00000000 00000000
00000004 007 09103100 00000000 00000016 00000000 00000006 00000000 00000000 00000000 00000000 00000000 00000000 00000000 00000000 00000000 00000000 00000000 00000004
00000005 009 01EE1001 00000000 00000001 00000000 00000006 00000000 00000000 00000000 00000000 00000000 00000000 00000000 00000000 00000000 00000000 00000000 00000004
00000006 00A 113E0000 00000000 00000000 00000000 00000006 00000000 00000000 00000000 00000000 00000000 00000000 00000000 00000000 00000000 00000000 FFFFFFFF 00000004
00000007 00B 01EE1001 00000000 00000001 00000000 00000006 00000000 00000000 00000000 00000000 00000000 00000000 00000000 00000000 00000000 00000000 FFFFFFFF 00000004
00000008 00C 11FE0000 00000000 00000000 00000000 00000006 00000000 00000000 00000000 00000000 00000000 00000000 00000000 00000000 00000000 00000000 FFFFFFFE 00000004
00000009 00D 01331001 00000000 00000001 00000000 00000006 00000000 00000000 00000000 00000000 00000000 00000000 00000000 00000000 00000000 00000000 FFFFFFFE 00000004
0000000B 00E 0FF10100 00000000 00000007 00000000 00000005 00000000 00000000 00000000 00000000 00000000 00000000 00000000 00000000 00000000 00000000 FFFFFFFE 00000004
0000000D 007 09103100 00000000 00000016 00000000 00000005 00000000 00000000 00000000 00000000 00000000 00000000 00000000 00000000 00000000 00000000 FFFFFFFE 00000010
0000000E 009 01EE1001 00000000 00000001 00000000 00000005 00000000 00000000 00000000 00000000 00000000 00000000 00000000 00000000 00000000 00000000 FFFFFFFE 00000010
0000000F 00A 113E0000 00000000 00000000 00000000 00000005 00000000 00000000 00000000 00000000 00000000 00000000 00000000 00000000 00000000 00000000 FFFFFFFD 00000010
00000010 00B 01EE1001 00000000 00000001 00000000 00000005 00000000 00000000 00000000 00000000 00000000 00000000 00000000 00000000 00000000 00000000 FFFFFFFD 00000010
00000011 00C 11FE0000 00000000 00000000 00000000 00000005 00000000 00000000 00000000 00000000 00000000 00000000 00000000 00000000 00000000 00000000 FFFFFFFC 00000010
00000012 00D 01331001 00000000 00000001 00000000 00000005 00000000 00000000 00000000 00000000 00000000 00000000 00000000 00000000 00000000 00000000 FFFFFFFC 00000010
00000014 00E 0FF10100 00000000 00000007 00000000 00000004 00000000 00000000 00000000 00000000 00000000 00000000 00000000 00000000 00000000 00000000 FFFFFFFC 00000010
00000016 007 09103100 00000000 00000016 00000000 00000004 00000000 00000000 00000000 00000000 00000000 00000000 00000000 00000000 00000000 00000000 FFFFFFFC 00000010
00000017 009 01EE1001 00000000 00000001 00000000 00000004 00000000 00000000 00000000 00000000 00000000 00000000 00000000 00000000 00000000 00000000 FFFFFFFC 00000010
00000018 00A 113E0000 00000000 00000000 00000000 00000004 00000000 00000000 00000000 00000000 00000000 00000000 00000000 00000000 00000000 00000000 FFFFFFFB 00000010
00000019 00B 01EE1001 00000000 00000001 00000000 00000004 00000000 00000000 00000000 00000000 00000000 00000000 00000000 00000000 00000000 00000000 FFFFFFFB 00000010
0000001A 00C 11FE0000 00000000 00000000 00000000 00000004 00000000 00000000 00000000 00000000 00000000 00000000 00000000 00000000 00000000 00000000 FFFFFFFA 00000010
0000001B 00D 01331001 00000000 00000001 00000000 00000004 00000000 00000000 00000000 00000000 00000000 00000000 00000000 00000000 00000000 00000000 FFFFFFFA 00000010
0000001D 00E 0FF10100 00000000 00000007 00000000 00000003 00000000 00000000 00000000 00000000 00000000 00000000 00000000 00000000 00000000 00000000 FFFFFFFA 00000010
0000001F 007 09103100 00000000 00000016 00000000 00000003 00000000 00000000 00000000 00000000 00000000 00000000 00000000 00000000 00000000 00000000 FFFFFFFA 00000010
00000020 009 01EE1001 00000000 00000001 00000000 00000003 00000000 00000000 00000000 00000000 00000000 00000000 00000000 00000000 00000000 00000000 FFFFFFFA 00000010
00000021 00A 113E0000 00000000 00000000 00000000 00000003 00000000 00000000 00000000 00000000 00000000 00000000 00000000 00000000 00000000 00000000 FFFFFFF9 00000010
00000022 00B 01EE1001 00000000 00000001 00000000 00000003 00000000 00000000 00000000 00000000 00000000 00000000 00000000 00000000 00000000 00000000 FFFFFFF9 00000010
00000023 00C 11FE0000 00000000 00000000 00000000 00000003 00000000 00000000 00000000 00000000 00000000 00000000 00000000 00000000 00000000 00000000 FFFFFFF8 00000010
00000024 00D 01331001 00000000 00000001 00000000 00000003 00000000 00000000 00000000 00000000 00000000 00000000 00000000 00000000 00000000 00000000 FFFFFFF8 00000010
00000026 00E 0FF10100 00000000 00000007 00000000 00000002 00000000 00000000 00000000 00000000 00000000 00000000 00000000 00000000 00000000 00000000 FFFFFFF8 00000010
00000028 007 09103100 00000000 00000016 00000000 00000002 00000000 00000000 00000000 00000000 00000000 00000000 00000000 00000000 00000000 00000000 FFFFFFF8 00000010
00000029 009 01EE1001 00000000 00000001 00000000 00000002 00000000 00000000 00000000 00000000 00000000 00000000 00000000 00000000 00000000 00000000 FFFFFFF8 00000010
0000002A 00A 113E0000 00000000 00000000 00000000 00000002 00000000 00000000 00000000 00000000 00000000 00000000 00000000 00000000 00000000 00000000 FFFFFFF7 00000010
0000002B 00B 01EE1001 00000000 00000001 00000000 00000002 00000000 00000000 00000000 00000000 00000000 00000000 00000000 00000000 00000000 00000000 FFFFFFF7 00000010
0000002C 00C 11FE0000 00000000 00000000 00000000 00000002 00000000 00000000 00000000 00000000 00000000 00000000 00000000 00000000 00000000 00000000 FFFFFFF6 00000010
0000002D 00D 01331001 00000000 00000001 00000000 00000002 00000000 00000000 00000000 00000000 00000000 00000000 00000000 00000000 00000000 00000000 FFFFFFF6 00000010
0000002F 00E 0FF10100 00000000 00000007 00000000 00000001 00000000 00000000 00000000 00000000 00000000 00000000 00000000 00000000 00000000 00000000 FFFFFFF6 00000010
00000031 007 09103100 00000000 00000016 00000000 00000001 00000000 00000000 00000000 00000000 00000000 00000000 00000000 00000000 00000000 00000000 FFFFFFF6 00000010
00000032 009 01EE1001 00000000 00000001 00000000 00000001 00000000 00000000 00000000 00000000 00000000 00000000 00000000 00000000 00000000 00000000 FFFFFFF6 00000010
00000033 00A 113E0000 00000000 00000000 00000000 00000001 00000000 00000000 00000000 00000000 00000000 00000000 00000000 00000000 00000000 00000000 FFFFFFF5 00000010
00000034 00B 01EE1001 00000000 00000001 00000000 00000001 00000000 00000000 00000000 00000000 00000000 00000000 00000000 00000000 00000000 00000000 FFFFFFF5 00000010
00000035 00C 11FE0000 00000000 00000000 00000000 00000001 00000000 00000000 00000000 00000000 00000000 00000000 00000000 00000000 00000000 00000000 FFFFFFF4 00000010
00000036 00D 01331001 00000000 00000001 00000000 00000001 00000000 00000000 00000000 00000000 00000000 00000000 00000000 00000000 00000000 00000000 FFFFFFF4 00000010
00000038 00E 0FF10100 00000000 00000007 00000000 00000000 00000000 00000000 00000000 00000000 00000000 00000000 00000000 00000000 00000000 00000000 FFFFFFF4 00000010
0000003A 007 09103100 00000000 00000016 00000000 00000000 00000000 00000000 00000000 00000000 00000000 00000000 00000000 00000000 00000000 00000000 FFFFFFF4 00000010
0000003B 016 00210001 00000000 00000001 00000000 00000000 00000000 00000000 00000000 00000000 00000000 00000000 00000000 00000000 00000000 00000000 FFFFFFF4 00000010
0000003C 017 09F00000 00000000 00000000 00000001 00000000 00000000 00000000 00000000 00000000 00000000 00000000 00000000 00000000 00000000 00000000 FFFFFFF4 00000010
0000003D 010 10FE0000 00000000 00000000 00000001 00000000 00000000 00000000 00000000 00000000 00000000 00000000 00000000 00000000 00000000 00000000 FFFFFFF4 00000010
0000003E 011 00EE1001 00000000 00000001 00000001 00000000 00000000 00000000 00000000 00000000 00000000 00000000 00000000 00000000 00000000 00000000 FFFFFFF4 00000010
0000003F 012 103E0000 00000000 00000000 00000001 00000000 00000000 00000000 00000000 00000000 00000000 00000000 00000000 00000000 00000000 00000000 FFFFFFF5 00000010
00000040 013 00EE1001 00000000 00000001 00000001 00000001 00000000 00000000 00000000 00000000 00000000 00000000 00000000 00000000 00000000 00000000 FFFFFFF5 00000010
00000041 014 02223000 00000000 00000000 00000001 00000001 00000000 00000000 00000000 00000000 00000000 00000000 00000000 00000000 00000000 00000000 FFFFFFF6 00000010
00000042 015 09F00000 00000000 00000000 00000001 00000001 00000000 00000000 00000000 00000000 00000000 00000000 00000000 00000000 00000000 00000000 FFFFFFF6 00000010
00000043 010 10FE0000 00000000 00000000 00000001 00000001 00000000 00000000 00000000 00000000 00000000 00000000 00000000 00000000 00000000 00000000 FFFFFFF6 00000010
00000044 011 00EE1001 00000000 00000001 00000001 00000001 00000000 00000000 00000000 00000000 00000000 00000000 00000000 00000000 00000000 00000000 FFFFFFF6 00000010
00000045 012 103E0000 00000000 00000000 00000001 00000001 00000000 00000000 00000000 00000000 00000000 00000000 00000000 00000000 00000000 00000000 FFFFFFF7 00000010
00000046 013 00EE1001 00000000 00000001 00000001 00000002 00000000 00000000 00000000 00000000 00000000 00000000 00000000 00000000 00000000 00000000 FFFFFFF7 00000010
00000047 014 02223000 00000000 00000000 00000001 00000002 00000000 00000000 00000000 00000000 00000000 00000000 00000000 00000000 00000000 00000000 FFFFFFF8 00000010
00000048 015 09F00000 00000000 00000000 00000002 00000002 00000000 00000000 00000000 00000000 00000000 00000000 00000000 00000000 00000000 00000000 FFFFFFF8 00000010
00000049 010 10FE0000 00000000 00000000 00000002 00000002 00000000 00000000 00000000 00000000 00000000 00000000 00000000 00000000 00000000 00000000 FFFFFFF8 00000010
0000004A 011 00EE1001 00000000 00000001 00000002 00000002 00000000 00000000 00000000 00000000 00000000 00000000 00000000 00000000 00000000 00000000 FFFFFFF8 00000010
0000004B 012 103E0000 00000000 00000000 00000002 00000002 00000000 00000000 00000000 00000000 00000000 00000000 00000000 00000000 00000000 00000000 FFFFFFF9 00000010
0000004C 013 00EE1001 00000000 00000001 00000002 00000003 00000000 00000000 00000000 00000000 00000000 00000000 00000000 00000000 00000000 00000000 FFFFFFF9 00000010
0000004D 014 02223000 00000000 00000000 00000002 00000003 00000000 00000000 00000000 00000000 00000000 00000000 00000000 00000000 00000000 00000000 FFFFFFFA 00000010
0000004E 015 09F00000 00000000 00000000 00000006 00000003 00000000 00000000 00000000 00000000 00000000 00000000 00000000 00000000 00000000 00000000 FFFFFFFA 00000010
0000004F 010 10FE0000 00000000 00000000 00000006 00000003 00000000 00000000 00000000 00000000 00000000 00000000 00000000 00000000 00000000 00000000 FFFFFFFA 00000010
00000050 011 00EE1001 00000000 00000001 00000006 00000003 00000000 00000000 00000000 00000000 00000000 00000000 00000000 00000000 00000000 00000000 FFFFFFFA 00000010
00000051 012 103E0000 00000000 00000000 00000006 00000003 00000000 00000000 00000000 00000000 00000000 00000000 00000000 00000000 00000000 00000000 FFFFFFFB 00000010
00000052 013 00EE1001 00000000 00000001 00000006 00000004 00000000 00000000 00000000 00000000 00000000 00000000 00000000 00000000 00000000 00000000 FFFFFFFB 00000010
00000053 014 02223000 00000000 00000000 00000006 00000004 00000000 00000000 00000000 00000000 00000000 00000000 00000000 00000000 00000000 00000000 FFFFFFFC 00000010
00000054 015 09F00000 00000000 00000000 00000018 00000004 00000000 00000000 00000000 00000000 00000000 00000000 00000000 00000000 00000000 00000000 FFFFFFFC 00000010
00000055 010 10FE0000 00000000 00000000 00000018 00000004 00000000 00000000 00000000 00000000 00000000 00000000 00000000 00000000 00000000 00000000 FFFFFFFC 00000010
00000056 011 00EE1001 00000000 00000001 00000018 00000004 00000000 00000000 00000000 00000000 00000000 00000000 00000000 00000000 00000000 00000000 FFFFFFFC 00000010
00000057 012 103E0000 00000000 00000000 00000018 00000004 00000000 00000000 00000000 00000000 00000000 00000000 00000000 00000000 00000000 00000000 FFFFFFFD 00000010
00000058 013 00EE1001 00000000 00000001 00000018 00000005 00000000 00000000 00000000 00000000 00000000 00000000 00000000 00000000 00000000 00000000 FFFFFFFD 00000010
00000059 014 02223000 00000000 00000000 00000018 00000005 00000000 00000000 00000000 00000000 00000000 00000000 00000000 00000000 00000000 00000000 FFFFFFFE 00000010
0000005A 015 09F00000 00000000 00000000 00000078 00000005 00000000 00000000 00000000 00000000 00000000 00000000 00000000 00000000 00000000 00000000 FFFFFFFE 00000010
0000005B 010 10FE0000 00000000 00000000 00000078 00000005 00000000 00000000 00000000 00000000 00000000 00000000 00000000 00000000 00000000 00000000 FFFFFFFE 00000010
0000005C 011 00EE1001 00000000 00000001 00000078 00000005 00000000 00000000 00000000 00000000 00000000 00000000 00000000 00000000 00000000 00000000 FFFFFFFE 00000004
0000005D 012 103E0000 00000000 00000000 00000078 00000005 00000000 00000000 00000000 00000000 00000000 00000000 00000000 00000000 00000000 00000000 FFFFFFFF 00000004
0000005E 013 00EE1001 00000000 00000001 00000078 00000006 00000000 00000000 00000000 00000000 00000000 00000000 00000000 00000000 00000000 00000000 FFFFFFFF 00000004
0000005F 014 02223000 00000000 00000000 00000078 00000006 00000000 00000000 00000000 00000000 00000000 00000000 00000000 00000000 00000000 00000000 00000000 00000004
00000060 015 09F00000 00000000 00000000 000002D0 00000006 00000000 00000000 00000000 00000000 00000000 00000000 00000000 00000000 00000000 00000000 00000000 00000004
00000062 004 11201100 00000000 00000101 000002D0 00000006 00000000 00000000 00000000 00000000 00000000 00000000 00000000 00000000 00000000 00000000 00000000 00000004
00000063 006 15000000 00000000 00000000 000002D0 00000006 00000000 00000000 00000000 00000000 00000000 00000000 00000000 00000000 00000000 00000000 00000000 00000004
